0 0 1 0
2 10 0 0
21 79 0 0
57 173 0 0
92 245 1 1
211 462 0 1
264 551 0 1
341 677 0 1
369 721 1 2
603 1030 0 2
661 1097 0 2
748 1225 0 2
845 1365 0 2
861 1388 1 3
1143 1726 0 3
1206 1831 0 3
1302 1982 0 3
1392 2113 1 4
1690 2464 0 4
1747 2504 0 4
1829 2635 0 4
1923 2776 0 4
2017 2912 0 4
2034 2936 1 5
2286 3263 0 5
2339 3386 0 5
2421 3530 0 5
2474 3616 1 6
2740 3975 0 6
2806 4093 0 6
2897 4239 0 6
2993 4384 0 6
3030 4439 1 7
3318 4818 0 7
3403 4996 0 7
3503 5167 0 7
3586 5302 1 8
3857 5661 0 8
3895 5744 0 8
3974 5883 0 8
4064 6025 0 8
4103 6086 1 9
4350 6409 0 9
4452 6502 0 9
4576 6644 0 9
4687 6788 0 9
4776 6916 1 10
5049 7251 0 10
5124 7365 0 10
5210 7508 0 10
5297 7648 0 10
5380 7782 0 10
5394 7805 1 11
5622 8116 0 11
5679 8213 0 11
5761 8354 0 11
5846 8495 0 11
5927 8631 0 11
6004 8761 0 11
6080 8887 1 12
6085 8895 0 12
6305 9215 0 12
6372 9336 0 12
6446 9462 1 13
6521 9582 0 13
6772 9927 0 13
6848 10056 0 13
6931 10190 1 14
6936 10198 0 14
7209 10569 0 14
7249 10656 0 14
7320 10788 0 14
7400 10919 0 14
7480 11043 1 15
7519 11103 0 15
7788 11409 0 15
7952 11473 0 15
8113 11596 0 15
8256 11726 0 15
8383 11851 0 15
8495 11968 0 15
8591 12079 0 15
8675 12185 0 15
8747 12288 1 16
8800 12375 0 16
8950 12606 0 16
8965 12698 0 16
8998 12815 0 16
9039 12933 0 16
9086 13048 0 16
9137 13159 1 17
9179 13243 0 17
9322 13495 0 17
9366 13583 0 17
9432 13705 0 17
9501 13828 0 17
9571 13946 1 18
9582 13965 0 18
9793 14264 0 18
9906 14359 0 18
10025 14486 0 18
10130 14613 0 18
10220 14735 0 18
10298 14850 0 18
10365 14959 1 19
10405 15030 0 19
10547 15258 0 19
10559 15326 0 19
10604 15440 0 19
10665 15560 1 20
10696 15618 0 20
10910 15905 0 20
11060 15958 0 20
11210 16075 0 20
11342 16204 0 20
11458 16328 0 20
11560 16445 0 20
11646 16556 0 20
11721 16663 0 20
11785 16767 0 20
11838 16867 0 20
11882 16967 1 21
11912 17051 0 21
11976 17265 0 21
12006 17342 0 21
12048 17454 0 21
12096 17573 0 21
12148 17689 0 21
12203 17801 0 21
12261 17911 0 21
12319 18018 1 22
12331 18040 0 22
12506 18335 0 22
12568 18522 0 22
12645 18695 0 22
12718 18843 0 22
12791 18970 1 23
12815 19010 0 23
13062 19350 0 23
13135 19460 0 23
13210 19573 0 23
13286 19684 1 24
13331 19751 0 24
13573 20035 0 24
13661 20124 0 24
13751 20242 0 24
13836 20363 0 24
13914 20479 0 24
13986 20591 1 25
14000 20612 0 25
14227 20914 0 25
14295 21037 0 25
14371 21164 0 25
14446 21287 0 25
14518 21404 0 25
14588 21516 1 26
14650 21614 0 26
14850 21902 0 26
14914 22052 0 26
14989 22195 0 26
15065 22323 1 27
15086 22356 0 27
15343 22716 0 27
15417 22839 0 27
15495 22966 0 27
15574 23087 1 28
15617 23153 0 28
15859 23448 0 28
15983 23531 0 28
16111 23650 0 28
16223 23775 1 29
16254 23812 0 29
16620 24147 0 29
16682 24194 0 29
16753 24319 0 29
16828 24440 0 29
16901 24553 0 29
16972 24659 0 29
17040 24762 0 29
17106 24864 1 30
17147 24929 0 30
17321 25171 0 30
17377 25264 0 30
17448 25383 0 30
17522 25503 0 30
17594 25618 1 31
17597 25623 0 31
17874 25962 0 31
18048 26088 1 32
18166 26185 0 32
18820 26653 0 32
18893 26763 0 32
18984 26899 0 32
19073 27032 0 32
19157 27159 1 33
19221 27258 0 33
19444 27555 0 33
19497 27634 0 33
19571 27753 0 33
19648 27877 0 33
19722 27998 0 33
19793 28114 1 34
19838 28188 0 34
20054 28502 0 34
20129 28628 0 34
20207 28758 0 34
20282 28881 0 34
20354 28998 1 35
20356 29001 0 35
20565 29305 0 35
20609 29365 0 35
20677 29472 0 35
20750 29592 0 35
20822 29712 0 35
20893 29828 0 35
20960 29940 0 35
21026 30048 0 35
21089 30153 0 35
21151 30256 1 36
21181 30306 0 36
21358 30545 0 36
21428 30624 0 36
21501 30740 0 36
21574 30860 0 36
21645 30976 0 36
21712 31088 0 36
21777 31197 1 37
21791 31221 0 37
22006 31531 0 37
22079 31652 0 37
22155 31778 0 37
22228 31899 0 37
22298 32015 0 37
22366 32126 0 37
22431 32234 1 38
22477 32309 0 38
22657 32575 0 38
22705 32666 0 38
22772 32782 0 38
22844 32902 0 38
22915 33019 0 38
22984 33133 0 38
23051 33243 0 38
23115 33349 1 39
23136 33386 0 39
23309 33629 0 39
23349 33708 0 39
23413 33824 0 39
23482 33942 0 39
23552 34057 0 39
23621 34170 0 39
  1 40
23752 34386 0 40
23753 34387 0 40
23926 34637 0 40
23972 34712 0 40
24041 34827 0 40
24114 34948 1 41
24185 35065 0 41
24245 35164 0 41
24473 35491 0 41
24547 35616 0 41
24623 35744 1 42
24698 35867 0 42
24767 35978 0 42
25011 36320 0 42
25088 36446 0 42
25165 36575 0 42
25241 36700 1 43
25314 36818 0 43
25339 36860 0 43
25549 37154 0 43
25596 37242 0 43
25666 37362 1 44
25742 37486 0 44
25804 37585 0 44
26026 37884 0 44
26070 37888 1 45
26137 37937 0 45
26152 37955 0 45
26343 38154 0 45
26404 38254 0 45
26485 38377 1 46
26569 38497 0 46
26642 38604 0 46
26878 38909 0 46
26930 38992 0 46
27005 39114 0 46
27081 39238 0 46
27157 39359 0 46
27229 39475 1 47
27297 39587 0 47
27341 39657 0 47
27550 39965 0 47
27621 40104 0 47
27698 40239 1 48
27774 40366 0 48
27812 40426 0 48
28032 40744 0 48
28032 40827 0 48
28032 40943 1 49
28032 41064 0 49
28032 41077 0 49
28032 41357 0 49
28032 41364 0 49
28032 41417 1 50
