Timestamp 0 0 0
20220511113020722400 10 10 0
20220511113020722400 20 20 0
20220511113020722400 30 30 0
20220511113020722400 40 40 0
20220511113020722400 50 50 0
20220511113020722400 60 60 0
20220511113020722400 70 70 0
20220511113020722400 80 80 0
20220511113020722400 90 90 0
20220511113020722400 100 100 0
20220511113020745260 100 100 1
20220511113023212768 110 110 0
20220511113023212768 120 120 0
20220511113023212768 130 130 0
20220511113023212768 140 140 0
20220511113023212768 150 150 0
20220511113023212768 160 160 0
20220511113023212768 170 170 0
20220511113023212768 180 180 0
20220511113023212768 190 190 0
20220511113023212768 200 200 0
20220511113023236249 200 200 1
20220511113026092830 210 210 0
20220511113026092830 220 220 0
20220511113026092830 230 230 0
20220511113026092830 240 240 0
20220511113026092830 250 250 0
20220511113026092830 260 260 0
20220511113026092830 270 270 0
20220511113026092830 280 280 0
20220511113026092830 290 290 0
20220511113026092830 300 300 0
20220511113026124945 300 300 1
20220511113028665197 310 310 0
20220511113028665197 320 320 0
20220511113028665197 330 330 0
20220511113028665197 340 340 0
20220511113028665197 350 350 0
20220511113028665197 360 360 0
20220511113028665197 370 370 0
20220511113028665197 380 380 0
20220511113028665197 390 390 0
20220511113028665197 400 400 0
20220511113028690441 400 400 1
20220511113031046657 410 410 0
20220511113031046657 420 420 0
20220511113031046657 430 430 0
20220511113031046657 440 440 0
20220511113031046657 450 450 0
20220511113031046657 460 460 0
20220511113031046657 470 470 0
20220511113031046657 480 480 0
20220511113031046657 490 490 0
20220511113031046657 500 500 0
20220511113031069537 500 500 1
20220511113033338430 510 510 0
20220511113033338430 520 520 0
20220511113033338430 530 530 0
20220511113033338430 540 540 0
20220511113033338430 550 550 0
20220511113033338430 560 560 0
20220511113033338430 570 570 0
20220511113033338430 580 580 0
20220511113033338430 590 590 0
20220511113033338430 600 600 0
20220511113033361390 600 600 1
20220511113035823251 610 610 0
20220511113035823251 620 620 0
20220511113035823251 630 630 0
20220511113035823251 640 640 0
20220511113035823251 650 650 0
20220511113035823251 660 660 0
20220511113035823251 670 670 0
20220511113035823251 680 680 0
20220511113035823251 690 690 0
20220511113035823251 700 700 0
20220511113035850626 700 700 1
20220511113038131613 710 710 0
20220511113038131613 720 720 0
20220511113038131613 730 730 0
20220511113038131613 740 740 0
20220511113038131613 750 750 0
20220511113038131613 760 760 0
20220511113038131613 770 770 0
20220511113038131613 780 780 0
20220511113038131613 790 790 0
20220511113038131613 800 800 0
20220511113038156962 800 800 1
20220511113040613620 810 810 0
20220511113040613620 820 820 0
20220511113040613620 830 830 0
20220511113040613620 840 840 0
20220511113040613620 850 850 0
20220511113040613620 860 860 0
20220511113040613620 870 870 0
20220511113040613620 880 880 0
20220511113040613620 890 890 0
20220511113040613620 900 900 0
20220511113040635367 900 900 1
20220511113043212059 910 910 0
20220511113043212059 920 920 0
20220511113043212059 930 930 0
20220511113043212059 940 940 0
20220511113043212059 950 950 0
20220511113043212059 960 960 0
20220511113043212059 970 970 0
20220511113043212059 980 980 0
20220511113043212059 990 990 0
20220511113043212059 1000 1000 0
20220511113043233924 1000 1000 1
20220511113045755238 1010 1010 0
20220511113045755238 1020 1020 0
20220511113045755238 1030 1030 0
20220511113045755238 1040 1040 0
20220511113045755238 1050 1050 0
20220511113045755238 1060 1060 0
20220511113045755238 1070 1070 0
20220511113045755238 1080 1080 0
20220511113045755238 1090 1090 0
20220511113045755238 1100 1100 0
20220511113045777793 1100 1100 1
20220511113048161726 1110 1110 0
20220511113048161726 1120 1120 0
20220511113048161726 1130 1130 0
20220511113048161726 1140 1140 0
20220511113048161726 1150 1150 0
20220511113048161726 1160 1160 0
20220511113048161726 1170 1170 0
20220511113048161726 1180 1180 0
20220511113048161726 1190 1190 0
20220511113048161726 1200 1200 0
20220511113048184254 1200 1200 1
20220511113050570231 1210 1210 0
20220511113050570231 1220 1220 0
20220511113050570231 1230 1230 0
20220511113050570231 1240 1240 0
20220511113050570231 1250 1250 0
20220511113050570231 1260 1260 0
20220511113050570231 1270 1270 0
20220511113050570231 1280 1280 0
20220511113050570231 1290 1290 0
20220511113050570231 1300 1300 0
20220511113050592698 1300 1300 1
20220511113053083799 1310 1310 0
20220511113053083799 1320 1320 0
20220511113053083799 1330 1330 0
20220511113053083799 1340 1340 0
20220511113053083799 1350 1350 0
20220511113053083799 1360 1360 0
20220511113053083799 1370 1370 0
20220511113053083799 1380 1380 0
20220511113053083799 1390 1390 0
20220511113053083799 1400 1400 0
20220511113053105619 1400 1400 1
