Timestamp 0 0 0
20220511113020722400 10 10 0
20220511113020722400 20 20 0
20220511113020722400 30 30 0
20220511113020722400 40 40 0
20220511113020722400 50 50 0
20220511113020722400 60 60 0
20220511113020722400 70 70 0
20220511113020722400 80 80 0
20220511113020722400 90 90 0
20220511113020722400 100 100 0
20220511113020745260 100 100 1
20220511113023212768 110 110 0
20220511113023212768 120 120 0
20220511113023212768 130 130 0
20220511113023212768 140 140 0
20220511113023212768 150 150 0
20220511113023212768 160 160 0
20220511113023212768 170 170 0
20220511113023212768 180 180 0
20220511113023212768 190 190 0
20220511113023212768 200 200 0
20220511113023236249 200 200 1
20220511113026092830 210 210 0
20220511113026092830 220 220 0
20220511113026092830 230 230 0
20220511113026092830 240 240 0
20220511113026092830 250 250 0
20220511113026092830 260 260 0
20220511113026092830 270 270 0
20220511113026092830 280 280 0
20220511113026092830 290 290 0
20220511113026092830 300 300 0
20220511113026124945 300 300 1
20220511113028665197 310 310 0
20220511113028665197 320 320 0
20220511113028665197 330 330 0
20220511113028665197 340 340 0
20220511113028665197 350 350 0
20220511113028665197 360 360 0
20220511113028665197 370 370 0
20220511113028665197 380 380 0
20220511113028665197 390 390 0
20220511113028665197 400 400 0
20220511113028690441 400 400 1
20220511113031046657 410 410 0
20220511113031046657 420 420 0
20220511113031046657 430 430 0
20220511113031046657 440 440 0
20220511113031046657 450 450 0
20220511113031046657 460 460 0
20220511113031046657 470 470 0
20220511113031046657 480 480 0
20220511113031046657 490 490 0
20220511113031046657 500 500 0
20220511113031069537 500 500 1
20220511113033338430 510 510 0
20220511113033338430 520 520 0
20220511113033338430 530 530 0
20220511113033338430 540 540 0
20220511113033338430 550 550 0
20220511113033338430 560 560 0
20220511113033338430 570 570 0
20220511113033338430 580 580 0
20220511113033338430 590 590 0
20220511113033338430 600 600 0
20220511113033361390 600 600 1
20220511113035823251 610 610 0
20220511113035823251 620 620 0
20220511113035823251 630 630 0
20220511113035823251 640 640 0
20220511113035823251 650 650 0
20220511113035823251 660 660 0
20220511113035823251 670 670 0
20220511113035823251 680 680 0
20220511113035823251 690 690 0
20220511113035823251 700 700 0
20220511113035850626 700 700 1
20220511113038131613 710 710 0
20220511113038131613 720 720 0
20220511113038131613 730 730 0
20220511113038131613 740 740 0
20220511113038131613 750 750 0
20220511113038131613 760 760 0
20220511113038131613 770 770 0
20220511113038131613 780 780 0
20220511113038131613 790 790 0
20220511113038131613 800 800 0
20220511113038156962 800 800 1
20220511113040613620 810 810 0
20220511113040613620 820 820 0
20220511113040613620 830 830 0
20220511113040613620 840 840 0
20220511113040613620 850 850 0
20220511113040613620 860 860 0
20220511113040613620 870 870 0
20220511113040613620 880 880 0
20220511113040613620 890 890 0
20220511113040613620 900 900 0
20220511113040635367 900 900 1
20220511113043212059 910 910 0
20220511113043212059 920 920 0
20220511113043212059 930 930 0
20220511113043212059 940 940 0
20220511113043212059 950 950 0
20220511113043212059 960 960 0
20220511113043212059 970 970 0
20220511113043212059 980 980 0
20220511113043212059 990 990 0
20220511113043212059 1000 1000 0
20220511113043233924 1000 1000 1
20220511113045755238 1010 1010 0
20220511113045755238 1020 1020 0
20220511113045755238 1030 1030 0
20220511113045755238 1040 1040 0
20220511113045755238 1050 1050 0
20220511113045755238 1060 1060 0
20220511113045755238 1070 1070 0
20220511113045755238 1080 1080 0
20220511113045755238 1090 1090 0
20220511113045755238 1100 1100 0
20220511113045777793 1100 1100 1
20220511113048161726 1110 1110 0
20220511113048161726 1120 1120 0
20220511113048161726 1130 1130 0
20220511113048161726 1140 1140 0
20220511113048161726 1150 1150 0
20220511113048161726 1160 1160 0
20220511113048161726 1170 1170 0
20220511113048161726 1180 1180 0
20220511113048161726 1190 1190 0
20220511113048161726 1200 1200 0
20220511113048184254 1200 1200 1
20220511113050570231 1210 1210 0
20220511113050570231 1220 1220 0
20220511113050570231 1230 1230 0
20220511113050570231 1240 1240 0
20220511113050570231 1250 1250 0
20220511113050570231 1260 1260 0
20220511113050570231 1270 1270 0
20220511113050570231 1280 1280 0
20220511113050570231 1290 1290 0
20220511113050570231 1300 1300 0
20220511113050592698 1300 1300 1
20220511113053083799 1310 1310 0
20220511113053083799 1320 1320 0
20220511113053083799 1330 1330 0
20220511113053083799 1340 1340 0
20220511113053083799 1350 1350 0
20220511113053083799 1360 1360 0
20220511113053083799 1370 1370 0
20220511113053083799 1380 1380 0
20220511113053083799 1390 1390 0
20220511113053083799 1400 1400 0
20220511113053105619 1400 1400 1
233231447197 1400 1400 0
233231447197 1514 1515 0
233231447197 1784 1856 0
233231447197 2109 2282 0
233231447197 2457 2745 0
233231447197 2831 3253 0
233231447197 3224 3761 0
233231447197 3596 4255 0
233231447197 3969 4749 0
233231447197 4300 5190 0
233231447197 4681 5696 0
233231447197 5052 6189 0
233231447197 5413 6669 0
233231447197 5793 7175 0
233231447197 6123 7601 0
233231447197 6483 8094 0
233231447197 6833 8560 0
233231447197 7194 9039 0
233231447197 7555 9519 0
233231447197 7905 9973 0
233231447197 8265 10467 0
233231447197 8624 10962 0
233231447197 8994 11456 0
233231447197 9373 11963 0
233231447197 9713 12389 0
233231447197 10093 12910 0
233231447197 10463 13403 0
233231447197 10813 13884 0
233231447197 11203 14390 0
233231447197 11533 14816 0
233231447197 11903 15310 0
233231447197 12264 15803 0
233231447197 12643 16311 0
233231447197 13023 16832 0
233231447197 13364 17272 0
233231447197 13725 17752 0
233231447197 14103 18272 0
233231447197 14485 18766 0
233231447197 14865 19286 0
233231447197 15215 19739 0
233231447197 15585 20245 0
233231447197 15965 20739 0
233231447197 16315 21205 0
233231447197 16675 21672 0
233231447197 17015 22139 0
233231447197 17375 22619 0
233231447197 17735 23113 0
233231447197 18115 23606 0
233231447197 18496 24124 0
233231447197 18856 24591 0
20220511233237612613 18856 24591 1
233240444444 18856 24591 0
233240444444 18995 24730 0
233240444444 19264 25062 0
233240444444 19571 25447 0
233240444444 19878 25853 0
233240444444 20186 26265 0
233240444444 20495 26691 0
233240444444 20814 27104 0
233240444444 21125 27517 0
233240444444 21435 27930 0
233240444444 21745 28342 0
233240444444 22055 28769 0
233240444444 22376 29183 0
233240444444 22687 29597 0
233240444444 22997 30010 0
233240444444 23356 30504 0
233240444444 23687 30930 0
233240444444 24036 31410 0
233240444444 24416 31917 0
233240444444 24786 32423 0
233240444444 25116 32849 0
233240444444 25446 33276 0
233240444444 25766 33703 0
233240444444 26086 34143 0
233240444444 26436 34609 0
233240444444 26776 35049 0
233240444444 27126 35542 0
233240444444 27516 36048 0
233240444444 27867 36514 0
233240444444 28196 36954 0
233240444444 28516 37369 0
233240444444 28826 37783 0
233240444444 29147 38209 0
233240444444 29466 38636 0
233240444444 29807 39102 0
233240444444 30167 39583 0
233240444444 30527 40076 0
233240444444 30917 40583 0
233240444444 31277 41063 0
233240444444 31637 41542 0
233240444444 32017 42049 0
233240444444 32377 42530 0
233240444444 32727 42997 0
233240444444 33108 43504 0
233240444444 33488 44024 0
233240444444 33858 44505 0
233240444444 34218 44971 0
233240444444 34588 45478 0
233240444444 34967 45985 0
233240444444 35347 46492 0
20220511233246289918 35347 46492 1
233249332072 35347 46492 0
233249332072 35493 46529 0
233249332072 35763 46586 0
233249332072 36061 46644 0
233249332072 36367 46702 0
233249332072 36676 46762 0
233249332072 36996 46820 0
233249332072 37306 46878 0
233249332072 37616 46937 0
233249332072 37936 46995 0
233249332072 38246 47052 0
233249332072 38556 47110 0
233249332072 38866 47169 0
233249332072 39186 47228 0
233249332072 39517 47292 0
233249332072 39857 47355 0
233249332072 40217 47423 0
233249332072 40567 47489 0
233249332072 40927 47556 0
233249332072 41297 47629 0
233249332072 41677 47697 0
233249332072 41997 47755 0
233249332072 42307 47813 0
233249332072 45667 48445 0
233249332072 45996 48507 0
233249332072 46316 48567 0
233249332072 46655 48631 0
233249332072 46996 48699 0
233249332072 47366 48769 0
233249332072 47757 48842 0
233249332072 48117 48910 0
233249332072 48477 48976 0
233249332072 48826 49042 0
233249332072 49186 49110 0
233249332072 49547 49178 0
233249332072 49917 49247 0
233249332072 50267 49313 0
233249332072 50597 49375 0
233249332072 50957 49443 0
233249332072 51337 49515 0
233249332072 51697 49583 0
233249332072 52066 49653 0
233249332072 52417 49719 0
233249332072 52777 49785 0
233249332072 53137 49853 0
233249332072 53497 49923 0
233249332072 53866 49994 0
233249332072 54257 50066 0
233249332072 54616 50134 0
233249332072 54997 50208 0
20220511233256237863 54997 50208 1
233259068473 54997 50208 0
233259068473 55144 50360 0
233259068473 55413 50686 0
233259068473 55710 51072 0
233259068473 56016 51478 0
233259068473 56325 51903 0
233259068473 56646 52316 0
233259068473 56955 52729 0
233259068473 57265 53156 0
233259068473 57585 53569 0
233259068473 57896 53983 0
233259068473 58206 54397 0
233259068473 58515 54811 0
233259068473 58825 55237 0
233259068473 59144 55651 0
233259068473 59464 56090 0
233259068473 59814 56558 0
233259068473 60164 57024 0
233259068473 60525 57503 0
233259068473 60895 58008 0
233259068473 61255 58460 0
233259068473 61595 58928 0
233259068473 61935 59382 0
233259068473 62295 59862 0
233259068473 62615 60276 0
233259068473 62925 60690 0
233259068473 63235 61105 0
233259068473 63545 61533 0
233259068473 63865 61960 0
233259068473 64205 62399 0
233259068473 64555 62865 0
233259068473 64915 63359 0
233259068473 65285 63852 0
233259068473 65656 64346 0
233259068473 66015 64839 0
233259068473 66385 65332 0
233259068473 66745 65799 0
233259068473 67096 66278 0
233259068473 67475 66772 0
233259068473 67855 67280 0
233259068473 68235 67786 0
233259068473 68615 68306 0
233259068473 68995 68800 0
233259068473 69355 69280 0
233259068473 69705 69746 0
233259068473 70075 70239 0
233259068473 70425 70719 0
233259068473 70805 71212 0
233259068473 71175 71719 0
233259068473 71566 72238 0
20220511233304944511 71566 72238 1
233307990386 71566 72238 0
233307990386 71705 72386 0
233307990386 71984 72712 0
233307990386 72281 73098 0
233307990386 72587 73518 0
233307990386 72906 73929 0
233307990386 73215 74342 0
233307990386 73525 74755 0
233307990386 73835 75169 0
233307990386 74155 75595 0
233307990386 74465 76008 0
233307990386 74775 76422 0
233307990386 75085 76848 0
233307990386 75405 77261 0
233307990386 75735 77713 0
233307990386 76074 78167 0
233307990386 76434 78647 0
233307990386 76784 79127 0
233307990386 77144 79594 0
233307990386 77494 80062 0
233307990386 77815 80475 0
233307990386 78175 80969 0
233307990386 78556 81476 0
233307990386 78925 81969 0
233307990386 79245 82382 0
233307990386 79555 82808 0
233307990386 79875 83221 0
233307990386 80186 83636 0
233307990386 80496 84049 0
233307990386 80816 84489 0
233307990386 81146 84915 0
233307990386 81486 85382 0
233307990386 81826 85836 0
233307990386 82186 86316 0
233307990386 82556 86809 0
233307990386 82897 87263 0
233307990386 83217 87690 0
233307990386 83577 88183 0
233307990386 83967 88689 0
233307990386 84357 89209 0
233307990386 84727 89702 0
233307990386 85047 90116 0
233307990386 85357 90529 0
233307990386 85687 90982 0
233307990386 86057 91475 0
233307990386 86407 91941 0
233307990386 86767 92422 0
233307990386 87117 92889 0
233307990386 87496 93396 0
233307990386 87856 93876 0
20220511233313773510 87856 93876 1
233316608123 87856 93876 0
233316608123 88004 94024 0
233316608123 88274 94348 0
233316608123 88572 94746 0
233316608123 88888 95152 0
233316608123 89197 95564 0
233316608123 89506 95976 0
233316608123 89816 96389 0
233316608123 90124 96803 0
233316608123 90445 97230 0
233316608123 90756 97642 0
233316608123 91066 98056 0
233316608123 91376 98469 0
233316608123 91686 98895 0
233316608123 92006 99309 0
233316608123 92346 99776 0
233316608123 92706 100256 0
233316608123 93057 100723 0
233316608123 93416 101190 0
233316608123 93746 101631 0
233316608123 94056 102042 0
233316608123 94386 102509 0
233316608123 94736 102962 0
233316608123 95086 103429 0
233316608123 95436 103896 0
233316608123 95816 104403 0
233316608123 96187 104896 0
233316608123 96536 105363 0
233316608123 96856 105777 0
233316608123 97176 106206 0
233316608123 97486 106619 0
233316608123 97816 107072 0
233316608123 98156 107525 0
233316608123 98536 108019 0
233316608123 98916 108551 0
233316608123 99306 109058 0
233316608123 99675 109538 0
233316608123 100016 110004 0
233316608123 100376 110484 0
233316608123 100746 110963 0
233316608123 101116 111470 0
233316608123 101486 111964 0
233316608123 101836 112431 0
233316608123 102176 112885 0
233316608123 102556 113391 0
233316608123 102906 113858 0
233316608123 103285 114378 0
233316608123 103655 114870 0
233316608123 104046 115363 0
233316608123 104426 115884 0
20220511233322486086 104426 115884 1
233325422936 104426 115884 0
233325422936 104580 116036 0
233325422936 104852 116363 0
233325422936 105151 116750 0
233325422936 105457 117169 0
233325422936 105776 117581 0
233325422936 106086 117994 0
233325422936 106396 118407 0
233325422936 106706 118820 0
233325422936 107016 119247 0
233325422936 107336 119660 0
233325422936 107646 120073 0
233325422936 107956 120500 0
233325422936 108276 120913 0
233325422936 108616 121379 0
233325422936 108966 121845 0
233325422936 109316 122312 0
233325422936 109676 122778 0
233325422936 110016 123245 0
233325422936 110356 123698 0
233325422936 110706 124151 0
233325422936 111025 124578 0
233325422936 111346 125004 0
233325422936 111666 125444 0
233325422936 112015 125910 0
233325422936 112355 126349 0
233325422936 112696 126816 0
233325422936 113056 127283 0
233325422936 113416 127776 0
233325422936 113766 128229 0
233325422936 114076 128642 0
233325422936 114386 129069 0
233325422936 114706 129482 0
233325422936 115036 129936 0
233325422936 115376 130389 0
233325422936 115735 130868 0
233325422936 116085 131334 0
233325422936 116465 131842 0
233325422936 116846 132351 0
233325422936 117206 132831 0
233325422936 117567 133311 0
233325422936 117946 133816 0
233325422936 118307 134309 0
233325422936 118676 134790 0
233325422936 119017 135243 0
233325422936 119386 135736 0
233325422936 119745 136216 0
233325422936 120115 136723 0
233325422936 120506 137230 0
233325422936 120886 137738 0
20220511233331245716 120886 137738 1
233334291419 120886 137738 0
233334291419 121027 137887 0
233334291419 121304 138210 0
233334291419 121601 138596 0
233334291419 121907 139015 0
233334291419 122225 139426 0
233334291419 122535 139839 0
233334291419 122845 140252 0
233334291419 123155 140665 0
233334291419 123465 141079 0
233334291419 123775 141505 0
233334291419 124096 141919 0
233334291419 124405 142332 0
233334291419 124715 142745 0
233334291419 125056 143212 0
233334291419 125405 143679 0
233334291419 125766 144160 0
233334291419 126145 144666 0
233334291419 126496 145132 0
233334291419 126856 145599 0
233334291419 127206 146066 0
233334291419 127546 146519 0
233334291419 127866 146946 0
233334291419 128186 147386 0
233334291419 128516 147826 0
233334291419 128886 148333 0
233334291419 129256 148814 0
233334291419 129626 149294 0
233334291419 129976 149774 0
233334291419 130326 150240 0
233334291419 130647 150668 0
233334291419 130966 151082 0
233334291419 131276 151495 0
233334291419 131586 151909 0
233334291419 131916 152349 0
233334291419 132266 152829 0
233334291419 132596 153268 0
233334291419 132936 153721 0
233334291419 133296 154201 0
233334291419 133646 154668 0
233334291419 134006 155147 0
233334291419 134376 155640 0
233334291419 134736 156121 0
233334291419 135076 156588 0
233334291419 135456 157081 0
233334291419 135826 157588 0
233334291419 136206 158081 0
233334291419 136576 158573 0
233334291419 136945 159067 0
233334291419 137295 159547 0
20220511233340111148 137295 159547 1
233343159921 137295 159547 0
233343159921 137436 159697 0
233343159921 137712 160022 0
233343159921 138009 160409 0
233343159921 138315 160814 0
233343159921 138624 161238 0
233343159921 138944 161650 0
233343159921 139254 162064 0
233343159921 139564 162478 0
233343159921 139875 162906 0
233343159921 140194 163320 0
233343159921 140505 163733 0
233343159921 140814 164146 0
233343159921 141124 164560 0
233343159921 141444 165000 0
233343159921 141794 165467 0
233343159921 142144 165934 0
233343159921 142484 166387 0
233343159921 142844 166880 0
233343159921 143245 167401 0
233343159921 143605 167880 0
233343159921 143975 168374 0
233343159921 144315 168827 0
233343159921 144635 169241 0
233343159921 144955 169667 0
233343159921 145265 170094 0
233343159921 145585 170507 0
233343159921 145905 170947 0
233343159921 146225 171373 0
233343159921 146565 171827 0
233343159921 146925 172307 0
233343159921 147275 172774 0
233343159921 147645 173267 0
233343159921 148005 173747 0
233343159921 148375 174240 0
233343159921 148725 174707 0
233343159921 149105 175214 0
233343159921 149465 175707 0
233343159921 149835 176187 0
233343159921 150205 176694 0
233343159921 150575 177175 0
233343159921 150925 177655 0
233343159921 151295 178135 0
233343159921 151665 178628 0
233343159921 152015 179095 0
233343159921 152366 179561 0
233343159921 152716 180041 0
233343159921 153086 180521 0
233343159921 153436 180988 0
233343159921 153806 181482 0
20220511233348994407 153806 181482 1
233352144835 153806 181482 0
233352144835 153948 181633 0
233352144835 154226 181961 0
233352144835 154525 182347 0
233352144835 154831 182767 0
233352144835 155150 183178 0
233352144835 155459 183591 0
233352144835 155768 184004 0
233352144835 156079 184417 0
233352144835 156389 184830 0
233352144835 156699 185244 0
233352144835 157009 185670 0
233352144835 157329 186084 0
233352144835 157649 186525 0
233352144835 157969 186952 0
233352144835 158309 187405 0
233352144835 158629 187832 0
233352144835 158939 188245 0
233352144835 159259 188659 0
233352144835 159589 189111 0
233352144835 159929 189552 0
233352144835 160269 190018 0
233352144835 160610 190458 0
233352144835 160930 190885 0
233352144835 161239 191312 0
233352144835 161549 191725 0
233352144835 161860 192138 0
233352144835 162189 192565 0
233352144835 162509 192991 0
233352144835 162839 193444 0
233352144835 163179 193898 0
233352144835 163529 194364 0
233352144835 163869 194817 0
233352144835 164199 195257 0
233352144835 164539 195698 0
233352144835 164879 196164 0
233352144835 165220 196604 0
233352144835 165549 197058 0
233352144835 165899 197525 0
233352144835 166239 197978 0
233352144835 166599 198444 0
233352144835 166928 198884 0
233352144835 167248 199311 0
233352144835 167569 199751 0
233352144835 167918 200218 0
233352144835 168279 200698 0
233352144835 168649 201191 0
233352144835 169039 201710 0
233352144835 169410 202218 0
233352144835 169770 202685 0
20220511233357810409 169770 202685 1
